id | rms | ApprEnt | LZComp | mpf | sef
244 | 1.0388733821032581e-05 3.162269758197799e-05 9.717290620333322e-06 1.2390197381172191e-05 1.419145398490723e-05 1.0751721583898627e-05 | 0.0 0.0 0.0 0.0 0.0 0.0 | 6.0 60.0 4.0 10.0 9.0 6.0 | 36 0 318 38 0 0 | 998 984 998 998 998 990 
id | rms | ApprEnt | LZComp | mpf | sef
244 | 1.1383726977855196e-05 1.4618351859128716e-05 1.3135704451130884e-05 1.2213836136605303e-05 2.2654813809324024e-05 1.0459226945707272e-05 | 0.0 0.0 0.0 0.0 0.0 0.0 | 4.0 19.0 7.0 8.0 34.0 7.0 | 108 300 20 37 0 46 | 998 994 998 994 994 989 
id | rms | ApprEnt | LZComp | mpf | sef
244 | 1.5609451397611227e-05 2.0714392723698866e-05 1.1062631560508516e-05 1.366249165974072e-05 1.5405850073058707e-05 1.3724211603861118e-05 | 0.0 0.0 0.0 0.0 0.0 0.0 | 13.0 47.0 7.0 15.0 13.0 13.0 | 299 19 91 42 0 0 | 998 994 998 998 980 993 
id | rms | ApprEnt | LZComp | mpf | sef
244 | 1.9620736869155566e-05 2.4685675446770267e-05 1.3819924258618712e-05 1.7798020659667077e-05 1.861095302441841e-05 1.1293711260262472e-05 | 0.0 0.0 0.0 0.0 0.0 0.0 | 35.0 53.0 12.0 18.0 16.0 8.0 | 0 299 34 6 0 95 | 984 998 996 997 969 997 
id | rms | ApprEnt | LZComp | mpf | sef
244 | 2.218271523500163e-05 2.2332517125992356e-05 1.7779504981158787e-05 1.7528612234107987e-05 1.396233308425112e-05 9.439278096690984e-06 | 0.0 0.0 0.0 0.0 0.0 0.0 | 26.0 53.0 25.0 24.0 13.0 5.0 | 0 299 0 5 37 77 | 998 998 998 998 998 996 
id | rms | ApprEnt | LZComp | mpf | sef
244 | 3.061287602610613e-05 2.710481631590583e-05 2.024071765300244e-05 1.2970708992912266e-05 2.1108080651898532e-05 9.65124622396659e-06 | 0.0 0.0 0.0 0.0 0.0 0.0 | 26.0 48.0 25.0 8.0 19.0 5.0 | 4 0 158 132 0 50 | 998 996 998 996 998 998 
id | rms | ApprEnt | LZComp | mpf | sef
244 | 2.505504095727742e-05 2.8566064198048523e-05 1.199431632866567e-05 1.5915998911944276e-05 1.2599327640875635e-05 1.0435371806788124e-05 | 0.0 0.0 0.0 0.0 0.0 0.0 | 30.0 46.0 6.0 19.0 2.0 6.0 | 3 0 299 0 0 0 | 998 998 998 998 988 989 
id | rms | ApprEnt | LZComp | mpf | sef
244 | 1.6884961704287853e-05 2.6183481827213327e-05 1.0793711135783654e-05 1.1093962262851171e-05 1.2310882067541459e-05 8.74160938058494e-06 | 0.0 0.0 0.0 0.0 0.0 0.0 | 16.0 53.0 8.0 7.0 6.0 3.0 | 0 0 485 82 0 40 | 998 994 998 998 994 998 
id | rms | ApprEnt | LZComp | mpf | sef
244 | 2.2032109088225573e-05 2.4774872530812965e-05 1.1648803385676457e-05 1.3139490925006505e-05 1.0037768765484662e-05 8.23363289430777e-06 | 0.0 0.0 0.0 0.0 0.0 0.0 | 24.0 51.0 5.0 12.0 2.0 3.0 | 0 0 131 140 2 437 | 998 998 998 998 998 998 
id | rms | ApprEnt | LZComp | mpf | sef
208 | 3.1097633092864974e-05 5.0865733637923023e-05 1.9107406574377178e-05 2.130295207904893e-05 1.2874683272477022e-05 1.2331322933071615e-05 | 0.0 0.0 0.0 0.0 0.0 0.0 | 53.0 23.0 37.0 26.0 13.0 10.0 | 0 0 61 0 